9 42
2 5 2 1 1 1 2
2 2 2 1 3 2 3
3 6 2 1 4 2 4
3 30 2 1 5 2 5
2 3 2 1 6 2 6
4 4 2 1 7 1 8
4 3 2 1 9 2 9
4 9 2 2 1 2 2
2 3 2 2 7 2 8
1 10 2 3 1 3 2
2 4 2 3 3 3 4
2 1 2 3 5 4 5
0 6 1 3 6
2 3 2 3 7 4 7
2 4 2 3 8 4 8
1 13 3 3 9 4 9 5 9
2 7 2 4 1 5 1
3 48 2 4 2 5 2
3 24 2 4 3 5 3
3 4 2 4 4 5 4
2 4 2 4 6 5 6
2 2 2 5 5 6 5
3 16 2 5 7 6 7
4 3 2 5 8 6 8
2 2 2 6 1 7 1
4 4 2 6 2 7 2
2 1 2 6 3 6 4
4 2 2 6 6 7 6
2 2 2 6 9 7 9
3 8 2 7 3 8 3
0 6 1 7 4
3 8 2 7 5 8 5
4 3 2 7 7 7 8
2 2 2 8 1 9 1
2 3 2 8 2 9 2
2 3 2 8 4 9 4
1 9 2 8 6 8 7
3 63 2 8 8 9 8
2 2 2 8 9 9 9
0 1 1 9 3
3 32 2 9 5 9 6
0 3 1 9 7
