9 42
3 15 2 1 1 1 2
2 2 2 1 3 1 4
3 9 2 1 5 1 6
2 5 2 1 7 1 8
0 8 1 1 9
2 1 2 2 1 [8] 2 2
3 27 2 2 3 3 3
4 2 2 2 4 2 5
3 12 2 2 6 3 6
3 7 2 2 7 [1] 2 8
0 5 1 2 9
0 7 1 3 1
2 2 2 3 2 4 2
4 5 2 3 4 4 4 [5]
4 2 2 3 5 4 5
1 14 2 3 7 4 7
4 3 2 3 8 4 8
1 13 2 3 9 4 9
2 1 2 4 1 [4] 5 1
4 3 2 4 3 5 3
3 15 2 4 6 5 6
2 5 2 5 2 6 2
2 1 2 5 4 6 4
1 21 4 5 5 6 5 6 6 6 7
3 16 2 5 7 5 8 [8]
2 1 2 5 9 6 9
4 2 2 6 1 7 1
2 2 2 6 3 7 3
1 13 2 6 8 7 8
0 4 1 7 2
1 13 2 7 4 7 5
2 5 2 7 6 7 7
4 9 2 7 9 8 9
2 3 2 8 1 9 1
1 6 2 8 2 9 2 [5]
4 8 2 8 3 9 3
3 6 2 8 4 9 4
2 4 2 8 5 8 6
3 20 2 8 7 8 8
1 11 2 9 5 9 6
1 14 2 9 7 9 8
0 2 1 9 9
